# Made in Blockbench 4.9.3
mtllib materials.mtl

o cube
v -0.6312733209250361 0.3125 0.8394222290892155
v -0.9519172052928504 0.3125 -0.041539602897573746
v -0.6312733209250361 0.0625 0.8394222290892155
v -0.9519172052928504 0.0625 -0.041539602897573746
v -1.5979558820831625 0.3125 0.19359924563882336
v -1.2773119977153482 0.3125 1.0745610776256125
v -1.5979558820831625 0.0625 0.19359924563882336
v -1.2773119977153482 0.0625 1.0745610776256125
vt 0.4765625 0.5546875
vt 0.51953125 0.5546875
vt 0.51953125 0.5390625
vt 0.4765625 0.5390625
vt 0.4765625 0.5859375
vt 0.53515625 0.5859375
vt 0.53515625 0.5703125
vt 0.4765625 0.5703125
vt 0.375 0.5078125
vt 0.41796875 0.5078125
vt 0.41796875 0.4921875
vt 0.375 0.4921875
vt 0.4765625 0.5703125
vt 0.53515625 0.5703125
vt 0.53515625 0.5546875
vt 0.4765625 0.5546875
vt 0.35546875 0.52734375
vt 0.3125 0.52734375
vt 0.3125 0.5859375
vt 0.35546875 0.5859375
vt 0.3984375 0.5859375
vt 0.35546875 0.5859375
vt 0.35546875 0.52734375
vt 0.3984375 0.52734375
vn -0.34202014332566866 0 -0.9396926207859084
vn 0.9396926207859084 0 -0.34202014332566866
vn 0.34202014332566866 0 0.9396926207859084
vn -0.9396926207859084 0 0.34202014332566866
vn 0 1 0
vn 0 -1 0
usemtl m_fd05410d-d1b0-d6fa-0713-24776b5a3c40
f 4/4/1 7/3/1 5/2/1 2/1/1
f 3/8/2 4/7/2 2/6/2 1/5/2
f 8/12/3 3/11/3 1/10/3 6/9/3
f 7/16/4 8/15/4 6/14/4 5/13/4
f 6/20/5 1/19/5 2/18/5 5/17/5
f 7/24/6 4/23/6 3/22/6 8/21/6
o cube
v 2 0.0625 2
v 2 0.0625 -2
v 2 0.0625 2
v 2 0.0625 -2
v -2 0.0625 -2
v -2 0.0625 2
v -2 0.0625 -2
v -2 0.0625 2
vt 0 1
vt 0.25 1
vt 0.25 1
vt 0 1
vt 0 1
vt 0.25 1
vt 0.25 1
vt 0 1
vt 0 1
vt 0.25 1
vt 0.25 1
vt 0 1
vt 0 1
vt 0.25 1
vt 0.25 1
vt 0 1
vt 0.25 0.75
vt 0 0.75
vt 0 1
vt 0.25 1
vt 0.25 0.75
vt 0 0.75
vt 0 0.5
vt 0.25 0.5
vn 0 0 -1
vn 1 0 0
vn 0 0 1
vn -1 0 0
vn 0 1 0
vn 0 -1 0
usemtl m_fd05410d-d1b0-d6fa-0713-24776b5a3c40
f 12/28/7 15/27/7 13/26/7 10/25/7
f 11/32/8 12/31/8 10/30/8 9/29/8
f 16/36/9 11/35/9 9/34/9 14/33/9
f 15/40/10 16/39/10 14/38/10 13/37/10
f 14/44/11 9/43/11 10/42/11 13/41/11
f 15/48/12 12/47/12 11/46/12 16/45/12
o cube
v 1.604592878405036 0.1875 0.11400385533560475
v 1.7114741731943077 0.1875 -0.17965008865999166
v 1.604592878405036 0.0625 0.11400385533560475
v 1.7114741731943077 0.0625 -0.17965008865999166
v 1.4178202291987112 0.1875 -0.2865313834492631
v 1.3109389344094398 0.1875 0.007122560546333201
v 1.4178202291987112 0.0625 -0.2865313834492631
v 1.3109389344094398 0.0625 0.007122560546333201
vt 0.3828125 0.6953125
vt 0.40234375 0.6953125
vt 0.40234375 0.6875
vt 0.3828125 0.6875
vt 0.45703125 0.5078125
vt 0.4765625 0.5078125
vt 0.4765625 0.5
vt 0.45703125 0.5
vt 0.45703125 0.5
vt 0.4765625 0.5
vt 0.4765625 0.4921875
vt 0.45703125 0.4921875
vt 0.5 0.515625
vt 0.51953125 0.515625
vt 0.51953125 0.5078125
vt 0.5 0.5078125
vt 0.4375 0.48828125
vt 0.41796875 0.48828125
vt 0.41796875 0.5078125
vt 0.4375 0.5078125
vt 0.45703125 0.5078125
vt 0.4375 0.5078125
vt 0.4375 0.48828125
vt 0.45703125 0.48828125
vn 0.34202014332566866 0 -0.9396926207859084
vn 0.9396926207859084 0 0.34202014332566866
vn -0.34202014332566866 0 0.9396926207859084
vn -0.9396926207859084 0 -0.34202014332566866
vn 0 1 0
vn 0 -1 0
usemtl m_fd05410d-d1b0-d6fa-0713-24776b5a3c40
f 20/52/13 23/51/13 21/50/13 18/49/13
f 19/56/14 20/55/14 18/54/14 17/53/14
f 24/60/15 19/59/15 17/58/15 22/57/15
f 23/64/16 24/63/16 22/62/16 21/61/16
f 22/68/17 17/67/17 18/66/17 21/65/17
f 23/72/18 20/71/18 19/70/18 24/69/18
o cube
v 1.4675447091828777 -0.03042519698721724 1.1082415503569751
v 0.6775811838699748 0.9262833839255067 -1.0621653976330032
v 1.254855865305845 -1.5317294373180583 0.5238837544349155
v 0.4648923399929421 -0.5750208564053345 -1.6465231935550628
v -1.3192656353000811 0.9262833839255065 -0.3353725930659597
v -0.5293021099871784 -0.030425196987217462 1.8350343549240185
v -1.5319544791771138 -0.5750208564053347 -0.9197303889880192
v -0.7419909538642109 -1.5317294373180586 1.2506765590019593
vt 0.3828125 0.8984375
vt 0.515625 0.8984375
vt 0.515625 0.796875
vt 0.3828125 0.796875
vt 0.25 0.6875
vt 0.40625 0.6875
vt 0.40625 0.5859375
vt 0.25 0.5859375
vt 0.3828125 0.796875
vt 0.515625 0.796875
vt 0.515625 0.6953125
vt 0.3828125 0.6953125
vt 0.3828125 1
vt 0.5390625 1
vt 0.5390625 0.8984375
vt 0.3828125 0.8984375
vt 0.3828125 0.84375
vt 0.25 0.84375
vt 0.25 1
vt 0.3828125 1
vt 0.3828125 0.84375
vt 0.25 0.84375
vt 0.25 0.6875
vt 0.3828125 0.6875
vn -0.3159854101251611 0.3826834323650896 -0.8681627791959914
vn 0.9396926207859089 1.249000902703301e-16 -0.3420201433256676
vn 0.3159854101251611 -0.3826834323650896 0.8681627791959914
vn -0.9396926207859089 -1.249000902703301e-16 0.3420201433256676
vn 0.13088544238586625 0.923879532511287 0.3596047974904982
vn -0.13088544238586625 -0.923879532511287 -0.3596047974904982
usemtl m_fd05410d-d1b0-d6fa-0713-24776b5a3c40
f 28/76/19 31/75/19 29/74/19 26/73/19
f 27/80/20 28/79/20 26/78/20 25/77/20
f 32/84/21 27/83/21 25/82/21 30/81/21
f 31/88/22 32/87/22 30/86/22 29/85/22
f 30/92/23 25/91/23 26/90/23 29/89/23
f 31/96/24 28/95/24 27/94/24 32/93/24
o cube
v 1.4297748422213659 0.5 -0.8479195542676995
v 1.1427622679475484 0.5 -1.5408292036511646
v 1.4297748422213659 0 -0.8479195542676995
v 1.1427622679475484 0 -1.5408292036511646
v 0.5653375601279944 0.5 -1.3016520584229836
v 0.8523501344018116 0.5 -0.6087424090395184
v 0.5653375601279944 0 -1.3016520584229836
v 0.8523501344018116 0 -0.6087424090395184
vt 0.46875 0.6171875
vt 0.5078125 0.6171875
vt 0.5078125 0.5859375
vt 0.46875 0.5859375
vt 0.46875 0.6796875
vt 0.515625 0.6796875
vt 0.515625 0.6484375
vt 0.46875 0.6484375
vt 0.3125 0.52734375
vt 0.3515625 0.52734375
vt 0.3515625 0.49609375
vt 0.3125 0.49609375
vt 0.46875 0.6484375
vt 0.515625 0.6484375
vt 0.515625 0.6171875
vt 0.46875 0.6171875
vt 0.4375 0.5390625
vt 0.3984375 0.5390625
vt 0.3984375 0.5859375
vt 0.4375 0.5859375
vt 0.4765625 0.5859375
vt 0.4375 0.5859375
vt 0.4375 0.5390625
vt 0.4765625 0.5390625
vn -0.3826834323650897 0 -0.9238795325112867
vn 0.9238795325112867 0 -0.3826834323650897
vn 0.3826834323650897 0 0.9238795325112867
vn -0.9238795325112867 0 0.3826834323650897
vn 0 1 0
vn 0 -1 0
usemtl m_fd05410d-d1b0-d6fa-0713-24776b5a3c40
f 36/100/25 39/99/25 37/98/25 34/97/25
f 35/104/26 36/103/26 34/102/26 33/101/26
f 40/108/27 35/107/27 33/106/27 38/105/27
f 39/112/28 40/111/28 38/110/28 37/109/28
f 38/116/29 33/115/29 34/114/29 37/113/29
f 39/120/30 36/119/30 35/118/30 40/117/30
o cube
v 1.403586531512627 0.03312068448087735 1.6634690014592612
v 0.8506120637935934 0.7028166911197844 0.14418413786627704
v 1.3708651709161603 -0.1978491986469444 1.5735678020866368
v 0.8178907031971265 0.47184680799196255 0.05428293849365251
v -0.0890805569923151 0.7028166911197844 0.4862042811919457
v 0.4638939107267186 0.03312068448087735 2.0054891447849297
v -0.12180191758878178 0.47184680799196255 0.39630308181932117
v 0.4311725501302519 -0.1978491986469444 1.9155879454123053
vt 0.3515625 0.5234375
vt 0.4140625 0.5234375
vt 0.4140625 0.5078125
vt 0.3515625 0.5078125
vt 0.3984375 0.5390625
vt 0.5078125 0.5390625
vt 0.5078125 0.5234375
vt 0.3984375 0.5234375
vt 0.4140625 0.5234375
vt 0.4765625 0.5234375
vt 0.4765625 0.5078125
vt 0.4140625 0.5078125
vt 0.46875 0.6953125
vt 0.578125 0.6953125
vt 0.578125 0.6796875
vt 0.46875 0.6796875
vt 0.46875 0.5859375
vt 0.40625 0.5859375
vt 0.40625 0.6953125
vt 0.46875 0.6953125
vt 0.3125 0.5859375
vt 0.25 0.5859375
vt 0.25 0.4765625
vt 0.3125 0.4765625
vn -0.3159854101251621 0.3826834323650897 -0.8681627791959909
vn 0.9396926207859085 -1.387778780781446e-17 -0.3420201433256687
vn 0.3159854101251621 -0.3826834323650897 0.8681627791959909
vn -0.9396926207859085 1.387778780781446e-17 0.3420201433256687
vn 0.13088544238586683 0.9238795325112868 0.35960479749049806
vn -0.13088544238586683 -0.9238795325112868 -0.35960479749049806
usemtl m_fd05410d-d1b0-d6fa-0713-24776b5a3c40
f 44/124/31 47/123/31 45/122/31 42/121/31
f 43/128/32 44/127/32 42/126/32 41/125/32
f 48/132/33 43/131/33 41/130/33 46/129/33
f 47/136/34 48/135/34 46/134/34 45/133/34
f 46/140/35 41/139/35 42/138/35 45/137/35
f 47/144/36 44/143/36 43/142/36 48/141/36
o cube
v 0.21026171021476614 0.6707531754730547 -0.8842128990905616
v -0.17849833898813972 0.014503175473054575 -1.9523223558616145
v 0.23163796917262047 0.5624999999999998 -0.8254821102914423
v -0.15712208003028544 -0.09375000000000022 -1.8935915670624954
v -0.3546907053854976 0.014503175473054575 -1.888193578988052
v 0.03406934381740834 0.6707531754730547 -0.8200841222169987
v -0.3333144464276433 -0.09375000000000022 -1.8294627901889324
v 0.05544560277526256 0.5624999999999998 -0.7613533334178795
vt 0.5 0.5078125
vt 0.51171875 0.5078125
vt 0.51171875 0.5
vt 0.5 0.5
vt 0 0.5
vt 0.08203125 0.5
vt 0.08203125 0.4921875
vt 0 0.4921875
vt 0.5 0.5
vt 0.51171875 0.5
vt 0.51171875 0.4921875
vt 0.5 0.4921875
vt 0.08203125 0.5
vt 0.1640625 0.5
vt 0.1640625 0.4921875
vt 0.08203125 0.4921875
vt 0.48828125 0.44140625
vt 0.4765625 0.44140625
vt 0.4765625 0.5234375
vt 0.48828125 0.5234375
vt 0.5 0.5234375
vt 0.48828125 0.5234375
vt 0.48828125 0.44140625
vt 0.5 0.44140625
vn -0.2961981327260235 -0.5 -0.8137976813493738
vn 0.9396926207859086 0 -0.3420201433256684
vn 0.2961981327260235 0.5 0.8137976813493738
vn -0.9396926207859086 0 0.3420201433256684
vn -0.1710100716628342 0.8660254037844387 -0.46984631039295427
vn 0.1710100716628342 -0.8660254037844387 0.46984631039295427
usemtl m_fd05410d-d1b0-d6fa-0713-24776b5a3c40
f 52/148/37 55/147/37 53/146/37 50/145/37
f 51/152/38 52/151/38 50/150/38 49/149/38
f 56/156/39 51/155/39 49/154/39 54/153/39
f 55/160/40 56/159/40 54/158/40 53/157/40
f 54/164/41 49/163/41 50/162/41 53/161/41
f 55/168/42 52/167/42 51/166/42 56/165/42
o cube
v -0.670700121772023 0.6707531754730547 -0.5635690147227475
v -1.059460170974929 0.014503175473054575 -1.6316784714938006
v -0.6493238628141688 0.5624999999999998 -0.5048382259236281
v -1.0380839120170746 -0.09375000000000022 -1.5729476826946813
v -1.2356525373722866 0.014503175473054575 -1.5675496946202376
v -0.8468924881693809 0.6707531754730547 -0.49944023784918457
v -1.2142762784144325 -0.09375000000000022 -1.5088189058211183
v -0.8255162292115266 0.5624999999999998 -0.44070944905006537
vt 0.3125 0.49609375
vt 0.32421875 0.49609375
vt 0.32421875 0.48828125
vt 0.3125 0.48828125
vt 0.1640625 0.5
vt 0.24609375 0.5
vt 0.24609375 0.4921875
vt 0.1640625 0.4921875
vt 0.32421875 0.49609375
vt 0.3359375 0.49609375
vt 0.3359375 0.48828125
vt 0.32421875 0.48828125
vt 0.5 0.5234375
vt 0.58203125 0.5234375
vt 0.58203125 0.515625
vt 0.5 0.515625
vt 0.36328125 0.42578125
vt 0.3515625 0.42578125
vt 0.3515625 0.5078125
vt 0.36328125 0.5078125
vt 0.375 0.5078125
vt 0.36328125 0.5078125
vt 0.36328125 0.42578125
vt 0.375 0.42578125
vn -0.2961981327260235 -0.5 -0.8137976813493738
vn 0.9396926207859086 0 -0.3420201433256684
vn 0.2961981327260235 0.5 0.8137976813493738
vn -0.9396926207859086 0 0.3420201433256684
vn -0.1710100716628342 0.8660254037844387 -0.46984631039295427
vn 0.1710100716628342 -0.8660254037844387 0.46984631039295427
usemtl m_fd05410d-d1b0-d6fa-0713-24776b5a3c40
f 60/172/43 63/171/43 61/170/43 58/169/43
f 59/176/44 60/175/44 58/174/44 57/173/44
f 64/180/45 59/179/45 57/178/45 62/177/45
f 63/184/46 64/183/46 62/182/46 61/181/46
f 62/188/47 57/187/47 58/186/47 61/185/47
f 63/192/48 60/191/48 59/190/48 64/189/48