# Made in Blockbench 4.9.3
mtllib materials.mtl

o cube
v 2 0 2
v 2 0 -2
v 2 0 2
v 2 0 -2
v -2 0 -2
v -2 0 2
v -2 0 -2
v -2 0 2
vt 0 1
vt 1 1
vt 1 1
vt 0 1
vt 0 1
vt 1 1
vt 1 1
vt 0 1
vt 0 1
vt 1 1
vt 1 1
vt 0 1
vt 0 1
vt 1 1
vt 1 1
vt 0 1
vt 0 1
vt 1 1
vt 1 0
vt 0 0
vt 0 1
vt 1 1
vt 1 0
vt 0 0
vn 0 0 -1
vn 1 0 0
vn 0 0 1
vn -1 0 0
vn 0 1 0
vn 0 -1 0
usemtl none
f 4/4/1 7/3/1 5/2/1 2/1/1
f 3/8/2 4/7/2 2/6/2 1/5/2
f 8/12/3 3/11/3 1/10/3 6/9/3
f 7/16/4 8/15/4 6/14/4 5/13/4
f 6/20/5 1/19/5 2/18/5 5/17/5
f 7/24/6 4/23/6 3/22/6 8/21/6
o cube
v 1.4349095300711896 0.625 1.2385255999927194
v 1.2504083413000762 0.625 0.1921673624172484
v 1.4349095300711896 0 1.2385255999927194
v 1.2504083413000762 0 0.1921673624172484
v 0.4502520419776571 0.625 0.3332565067716293
v 0.6347532307487707 0.625 1.3796147443471003
v 0.4502520419776571 0 0.3332565067716293
v 0.6347532307487707 0 1.3796147443471003
vt 0 1
vt 0.8125 1
vt 0.8125 0.375
vt 0 0.375
vt 0 1
vt 1 1
vt 1 0.375
vt 0 0.375
vt 0 1
vt 0.8125 1
vt 0.8125 0.375
vt 0 0.375
vt 0 1
vt 1 1
vt 1 0.375
vt 0 0.375
vt 0 1
vt 0.8125 1
vt 0.8125 0
vt 0 0
vt 0 1
vt 0.8125 1
vt 0.8125 0
vt 0 0
vn -0.17364817766693033 0 -0.984807753012208
vn 0.984807753012208 0 -0.17364817766693033
vn 0.17364817766693033 0 0.984807753012208
vn -0.984807753012208 0 0.17364817766693033
vn 0 1 0
vn 0 -1 0
usemtl none
f 12/28/7 15/27/7 13/26/7 10/25/7
f 11/32/8 12/31/8 10/30/8 9/29/8
f 16/36/9 11/35/9 9/34/9 14/33/9
f 15/40/10 16/39/10 14/38/10 13/37/10
f 14/44/11 9/43/11 10/42/11 13/41/11
f 15/48/12 12/47/12 11/46/12 16/45/12
o cube
v -1.3037939949695685 0.1875 0.21477554838119328
v -0.9211105626044788 0.1875 -0.7091039841300935
v -1.3037939949695685 0 0.21477554838119328
v -0.9211105626044788 0 -0.7091039841300935
v -1.094337974950345 0.1875 -0.7808571276985478
v -1.4770214073154349 0.1875 0.14302240481273898
v -1.094337974950345 0 -0.7808571276985478
v -1.4770214073154349 0 0.14302240481273898
vt 0 1
vt 0.1875 1
vt 0.1875 0.8125
vt 0 0.8125
vt 0 1
vt 1 1
vt 1 0.8125
vt 0 0.8125
vt 0 1
vt 0.1875 1
vt 0.1875 0.8125
vt 0 0.8125
vt 0 1
vt 1 1
vt 1 0.8125
vt 0 0.8125
vt 0 1
vt 0.1875 1
vt 0.1875 0
vt 0 0
vt 0 1
vt 0.1875 1
vt 0.1875 0
vt 0 0
vn 0.3826834323650897 0 -0.9238795325112867
vn 0.9238795325112867 0 0.3826834323650897
vn -0.3826834323650897 0 0.9238795325112867
vn -0.9238795325112867 0 -0.3826834323650897
vn 0 1 0
vn 0 -1 0
usemtl none
f 20/52/13 23/51/13 21/50/13 18/49/13
f 19/56/14 20/55/14 18/54/14 17/53/14
f 24/60/15 19/59/15 17/58/15 22/57/15
f 23/64/16 24/63/16 22/62/16 21/61/16
f 22/68/17 17/67/17 18/66/17 21/65/17
f 23/72/18 20/71/18 19/70/18 24/69/18
o cube
v -1.0728241118417468 0.1875 0.3104464064724658
v -0.6901406794766571 0.1875 -0.6134331260388209
v -1.0728241118417468 0 0.3104464064724658
v -0.6901406794766571 0 -0.6134331260388209
v -0.8633680918225234 0.1875 -0.6851862696072752
v -1.2460515241876131 0.1875 0.23869326290401138
v -0.8633680918225234 0 -0.6851862696072752
v -1.2460515241876131 0 0.23869326290401138
vt 0 1
vt 0.1875 1
vt 0.1875 0.8125
vt 0 0.8125
vt 0 1
vt 1 1
vt 1 0.8125
vt 0 0.8125
vt 0 1
vt 0.1875 1
vt 0.1875 0.8125
vt 0 0.8125
vt 0 1
vt 1 1
vt 1 0.8125
vt 0 0.8125
vt 0 1
vt 0.1875 1
vt 0.1875 0
vt 0 0
vt 0 1
vt 0.1875 1
vt 0.1875 0
vt 0 0
vn 0.3826834323650897 0 -0.9238795325112867
vn 0.9238795325112867 0 0.3826834323650897
vn -0.3826834323650897 0 0.9238795325112867
vn -0.9238795325112867 0 -0.3826834323650897
vn 0 1 0
vn 0 -1 0
usemtl none
f 28/76/19 31/75/19 29/74/19 26/73/19
f 27/80/20 28/79/20 26/78/20 25/77/20
f 32/84/21 27/83/21 25/82/21 30/81/21
f 31/88/22 32/87/22 30/86/22 29/85/22
f 30/92/23 25/91/23 26/90/23 29/89/23
f 31/96/24 28/95/24 27/94/24 32/93/24
o cube
v -0.8418542287139252 0.1875 0.4061172645637382
v -0.4591707963488354 0.1875 -0.5177622679475485
v -0.8418542287139252 0 0.4061172645637382
v -0.4591707963488354 0 -0.5177622679475485
v -0.6323982086947018 0.1875 -0.5895154115160028
v -1.0150816410597914 0.1875 0.3343641209952839
v -0.6323982086947018 0 -0.5895154115160028
v -1.0150816410597914 0 0.3343641209952839
vt 0 1
vt 0.1875 1
vt 0.1875 0.8125
vt 0 0.8125
vt 0 1
vt 1 1
vt 1 0.8125
vt 0 0.8125
vt 0 1
vt 0.1875 1
vt 0.1875 0.8125
vt 0 0.8125
vt 0 1
vt 1 1
vt 1 0.8125
vt 0 0.8125
vt 0 1
vt 0.1875 1
vt 0.1875 0
vt 0 0
vt 0 1
vt 0.1875 1
vt 0.1875 0
vt 0 0
vn 0.3826834323650897 0 -0.9238795325112867
vn 0.9238795325112867 0 0.3826834323650897
vn -0.3826834323650897 0 0.9238795325112867
vn -0.9238795325112867 0 -0.3826834323650897
vn 0 1 0
vn 0 -1 0
usemtl none
f 36/100/25 39/99/25 37/98/25 34/97/25
f 35/104/26 36/103/26 34/102/26 33/101/26
f 40/108/27 35/107/27 33/106/27 38/105/27
f 39/112/28 40/111/28 38/110/28 37/109/28
f 38/116/29 33/115/29 34/114/29 37/113/29
f 39/120/30 36/119/30 35/118/30 40/117/30
o cube
v -0.957339170277836 0.375 0.358281835518102
v -0.5746557379127463 0.375 -0.5655976969931847
v -0.957339170277836 0.1875 0.358281835518102
v -0.5746557379127463 0.1875 -0.5655976969931847
v -0.7478831502586125 0.375 -0.637350840561639
v -1.1305665826237024 0.375 0.2865286919496477
v -0.7478831502586125 0.1875 -0.637350840561639
v -1.1305665826237024 0.1875 0.2865286919496477
vt 0 1
vt 0.1875 1
vt 0.1875 0.8125
vt 0 0.8125
vt 0 1
vt 1 1
vt 1 0.8125
vt 0 0.8125
vt 0 1
vt 0.1875 1
vt 0.1875 0.8125
vt 0 0.8125
vt 0 1
vt 1 1
vt 1 0.8125
vt 0 0.8125
vt 0 1
vt 0.1875 1
vt 0.1875 0
vt 0 0
vt 0 1
vt 0.1875 1
vt 0.1875 0
vt 0 0
vn 0.3826834323650897 0 -0.9238795325112867
vn 0.9238795325112867 0 0.3826834323650897
vn -0.3826834323650897 0 0.9238795325112867
vn -0.9238795325112867 0 -0.3826834323650897
vn 0 1 0
vn 0 -1 0
usemtl none
f 44/124/31 47/123/31 45/122/31 42/121/31
f 43/128/32 44/127/32 42/126/32 41/125/32
f 48/132/33 43/131/33 41/130/33 46/129/33
f 47/136/34 48/135/34 46/134/34 45/133/34
f 46/140/35 41/139/35 42/138/35 45/137/35
f 47/144/36 44/143/36 43/142/36 48/141/36
o cube
v -1.1883090534056577 0.375 0.2626109774268296
v -0.8056256210405679 0.375 -0.6612685550844573
v -1.1883090534056577 0.1875 0.2626109774268296
v -0.8056256210405679 0.1875 -0.6612685550844573
v -0.9788530333864343 0.375 -0.7330216986529114
v -1.361536465751524 0.375 0.19085783385837518
v -0.9788530333864343 0.1875 -0.7330216986529114
v -1.361536465751524 0.1875 0.19085783385837518
vt 0 1
vt 0.1875 1
vt 0.1875 0.8125
vt 0 0.8125
vt 0 1
vt 1 1
vt 1 0.8125
vt 0 0.8125
vt 0 1
vt 0.1875 1
vt 0.1875 0.8125
vt 0 0.8125
vt 0 1
vt 1 1
vt 1 0.8125
vt 0 0.8125
vt 0 1
vt 0.1875 1
vt 0.1875 0
vt 0 0
vt 0 1
vt 0.1875 1
vt 0.1875 0
vt 0 0
vn 0.3826834323650897 0 -0.9238795325112867
vn 0.9238795325112867 0 0.3826834323650897
vn -0.3826834323650897 0 0.9238795325112867
vn -0.9238795325112867 0 -0.3826834323650897
vn 0 1 0
vn 0 -1 0
usemtl none
f 52/148/37 55/147/37 53/146/37 50/145/37
f 51/152/38 52/151/38 50/150/38 49/149/38
f 56/156/39 51/155/39 49/154/39 54/153/39
f 55/160/40 56/159/40 54/158/40 53/157/40
f 54/164/41 49/163/41 50/162/41 53/161/41
f 55/168/42 52/167/42 51/166/42 56/165/42
o cube
v -0.9376265423965952 0.1875 1.4768178272636612
v -0.09423509658370954 0.1875 0.9395182189168374
v -0.9376265423965952 0 1.4768178272636612
v -0.09423509658370954 0 0.9395182189168374
v -0.19497877314873902 0.1875 0.7813823228269214
v -1.0383702189616246 0.1875 1.318681931173745
v -0.19497877314873902 0 0.7813823228269214
v -1.0383702189616246 0 1.318681931173745
vt 0 1
vt 0.1875 1
vt 0.1875 0.8125
vt 0 0.8125
vt 0 1
vt 1 1
vt 1 0.8125
vt 0 0.8125
vt 0 1
vt 0.1875 1
vt 0.1875 0.8125
vt 0 0.8125
vt 0 1
vt 1 1
vt 1 0.8125
vt 0 0.8125
vt 0 1
vt 0.1875 1
vt 0.1875 0
vt 0 0
vt 0 1
vt 0.1875 1
vt 0.1875 0
vt 0 0
vn 0.8433914458128856 0 -0.5372996083468238
vn 0.5372996083468238 0 0.8433914458128856
vn -0.8433914458128856 0 0.5372996083468238
vn -0.5372996083468238 0 -0.8433914458128856
vn 0 1 0
vn 0 -1 0
usemtl none
f 60/172/43 63/171/43 61/170/43 58/169/43
f 59/176/44 60/175/44 58/174/44 57/173/44
f 64/180/45 59/179/45 57/178/45 62/177/45
f 63/184/46 64/183/46 62/182/46 61/181/46
f 62/188/47 57/187/47 58/186/47 61/185/47
f 63/192/48 60/191/48 59/190/48 64/189/48
o cube
v -1.2827993059365226 0.1875 1.4002948678971456
v -0.439407860123637 0.1875 0.8629952595503219
v -1.2827993059365226 0 1.4002948678971456
v -0.439407860123637 0 0.8629952595503219
v -0.5401515366886664 0.1875 0.7048593634604057
v -1.383542982501552 0.1875 1.2421589718072297
v -0.5401515366886664 0 0.7048593634604057
v -1.383542982501552 0 1.2421589718072297
vt 0 1
vt 0.1875000000000001 1
vt 0.1875000000000001 0.8125
vt 0 0.8125
vt 0 1
vt 1 1
vt 1 0.8125
vt 0 0.8125
vt 0 1
vt 0.1875000000000001 1
vt 0.1875000000000001 0.8125
vt 0 0.8125
vt 0 1
vt 1 1
vt 1 0.8125
vt 0 0.8125
vt 0 1
vt 0.1875000000000001 1
vt 0.1875000000000001 0
vt 0 0
vt 0 1
vt 0.1875000000000001 1
vt 0.1875000000000001 0
vt 0 0
vn 0.8433914458128856 0 -0.5372996083468238
vn 0.5372996083468238 0 0.8433914458128856
vn -0.8433914458128856 0 0.5372996083468238
vn -0.5372996083468238 0 -0.8433914458128856
vn 0 1 0
vn 0 -1 0
usemtl none
f 68/196/49 71/195/49 69/194/49 66/193/49
f 67/200/50 68/199/50 66/198/50 65/197/50
f 72/204/51 67/203/51 65/202/51 70/201/51
f 71/208/52 72/207/52 70/206/52 69/205/52
f 70/212/53 65/211/53 66/210/53 69/209/53
f 71/216/54 68/215/54 67/214/54 72/213/54
o cube
v 0.9408232497586111 0.1875 -0.613007955976262
v 1.0864089626287792 0.1875 -1.156341233263863
v 0.9408232497586111 0 -0.613007955976262
v 1.0864089626287792 0 -1.156341233263863
v 0.5430756853411782 0.1875 -1.3019269461340308
v 0.39748997247101026 0.1875 -0.7585936688464299
v 0.5430756853411782 0 -1.3019269461340308
v 0.39748997247101026 0 -0.7585936688464299
vt 0 1
vt 0.5625 1
vt 0.5625 0.8125
vt 0 0.8125
vt 0 1
vt 0.5625 1
vt 0.5625 0.8125
vt 0 0.8125
vt 0 1
vt 0.5625 1
vt 0.5625 0.8125
vt 0 0.8125
vt 0 1
vt 0.5625 1
vt 0.5625 0.8125
vt 0 0.8125
vt 0 1
vt 0.5625 1
vt 0.5625 0.4375
vt 0 0.4375
vt 0 1
vt 0.5625 1
vt 0.5625 0.4375
vt 0 0.4375
vn 0.25881904510252074 0 -0.9659258262890683
vn 0.9659258262890683 0 0.25881904510252074
vn -0.25881904510252074 0 0.9659258262890683
vn -0.9659258262890683 0 -0.25881904510252074
vn 0 1 0
vn 0 -1 0
usemtl none
f 76/220/55 79/219/55 77/218/55 74/217/55
f 75/224/56 76/223/56 74/222/56 73/221/56
f 80/228/57 75/227/57 73/226/57 78/225/57
f 79/232/58 80/231/58 78/230/58 77/229/58
f 78/236/59 73/235/59 74/234/59 77/233/59
f 79/240/60 76/239/60 75/238/60 80/237/60
o cube
v 1.29793027704717 0.9375 1.389476035771077
v 1.0754435494114154 0.9375 0.12769110222418553
v 1.5385367167035617 0.5625 1.347050628727452
v 1.3160499890678072 0.5625 0.08526569518056049
v 0.7943354033477454 0.9375 1.4782733993507573
v 0.571848675711991 0.9375 0.2164884658038658
v 0.5537289636913537 0.5625 1.5206988063943823
v 0.3312422360555992 0.5625 0.25891387284749084
vt 0.9375 0.6875
vt 0.9375 1
vt 0 1
vt 0 0.6875
vt 0.9375 0.6875
vt 0.9375 1
vt 0 1
vt 0 0.6875
vt 1 0.0625
vt 1 1
vt 0 1
vt 0 0.0625
vt 1 0.0625
vt 1 1
vt 0 1
vt 0 0.0625
vt 1 0.6875
vt 1 1
vt 0 1
vt 0 0.6875
vt 1 0.6875
vt 1 1
vt 0 1
vt 0 0.6875
vn 0.8251340357576009 0.5458804773648626 -0.14549339320492832
vn -0.8251340357576009 0.5458804773648626 0.14549339320492832
vn 0 1 0
vn 0 -1 0
vn 0.17364817766693033 0 0.984807753012208
vn -0.17364817766693033 0 -0.984807753012208
usemtl none
f 84/241/61 82/242/61 81/243/61 83/244/61
f 87/245/62 85/246/62 86/247/62 88/248/62
f 81/249/63 82/250/63 86/251/63 85/252/63
f 84/253/64 83/254/64 87/255/64 88/256/64
f 83/257/65 81/258/65 85/259/65 87/260/65
f 88/261/66 86/262/66 82/263/66 84/264/66