# Made in Blockbench 4.10.2
mtllib materials.mtl

o cube
v -0.9519172052928504 0 -0.041539602897573746
v -1.5979558820831625 0 0.19359924563882336
v -1.5979558820831625 0.25 0.19359924563882336
v -0.9519172052928504 0.25 -0.041539602897573746
v -0.6312733209250361 0 0.8394222290892155
v -0.6312733209250361 0.25 0.8394222290892155
v -1.2773119977153482 0 1.0745610776256125
v -1.2773119977153482 0.25 1.0745610776256125
vt 0.15625 0.4765625
vt 0.19921875 0.4765625
vt 0.19921875 0.4921875
vt 0.15625 0.4921875
vt 0.046875 0.4765625
vt 0.10546875 0.4765625
vt 0.10546875 0.4921875
vt 0.046875 0.4921875
vt 0.109375 0.4765625
vt 0.15234375 0.4765625
vt 0.15234375 0.4921875
vt 0.109375 0.4921875
vt 0.49609375 0.859375
vt 0.5546875 0.859375
vt 0.5546875 0.875
vt 0.49609375 0.875
vt 0.3203125 0.515625
vt 0.36328125 0.515625
vt 0.36328125 0.57421875
vt 0.3203125 0.57421875
vt 0.48046875 0.62890625
vt 0.48046875 0.5859375
vt 0.5390625 0.5859375
vt 0.5390625 0.62890625
vn -0.3420201433256685 0 -0.9396926207859086
vn 0.9396926207859086 0 -0.3420201433256686
vn 0.3420201433256684 0 0.9396926207859085
vn -0.9396926207859085 0 0.34202014332566866
vn 0 1 0
vn 0 -1 0
usemtl m_27ad3f82-ffa3-70f5-b1df-6a68c1a1a96f
f 1/1/1 2/2/1 3/3/1 4/4/1
f 5/5/2 1/6/2 4/7/2 6/8/2
f 7/9/3 5/10/3 6/11/3 8/12/3
f 2/13/4 7/14/4 8/15/4 3/16/4
f 8/17/5 6/18/5 4/19/5 3/20/5
f 2/21/6 1/22/6 5/23/6 7/24/6
o cube
v 2 0 -2
v -2 0 -2
v -2 0 -2
v 2 0 -2
v 2 0 2
v 2 0 2
v -2 0 2
v -2 0 2
vt 0.25 1
vt 0 1
vt 0 1
vt 0.25 1
vt 0 0.75
vt 0 1
vt 0 1
vt 0 0.75
vt 0 1
vt 0.25 1
vt 0.25 1
vt 0 1
vt 0 1
vt 0 0.75
vt 0 0.75
vt 0 1
vt 0 0.75
vt 0.25 0.75
vt 0.25 1
vt 0 1
vt 0 0.49609375
vt 0.25 0.49609375
vt 0.25 0.74609375
vt 0 0.74609375
vn 0 0 0
vn 0 0 0
vn 0 0 0
vn 0 0 0
vn 0 1 0
vn 0 -1 0
usemtl m_27ad3f82-ffa3-70f5-b1df-6a68c1a1a96f
f 9/25/7 10/26/7 11/27/7 12/28/7
f 13/29/8 9/30/8 12/31/8 14/32/8
f 15/33/9 13/34/9 14/35/9 16/36/9
f 10/37/10 15/38/10 16/39/10 11/40/10
f 16/41/11 14/42/11 12/43/11 11/44/11
f 10/45/12 9/46/12 13/47/12 15/48/12
o cube
v 1.7114741731943077 0 -0.17965008865999166
v 1.4178202291987112 0 -0.2865313834492631
v 1.4178202291987112 0.125 -0.2865313834492631
v 1.7114741731943077 0.125 -0.17965008865999166
v 1.604592878405036 0 0.11400385533560475
v 1.604592878405036 0.125 0.11400385533560475
v 1.3109389344094398 0 0.007122560546333201
v 1.3109389344094398 0.125 0.007122560546333201
vt 0.51171875 0.9296875
vt 0.53125 0.9296875
vt 0.53125 0.9375
vt 0.51171875 0.9375
vt 0.51171875 0.94140625
vt 0.53125 0.94140625
vt 0.53125 0.94921875
vt 0.51171875 0.94921875
vt 0.51171875 0.91796875
vt 0.53125 0.91796875
vt 0.53125 0.92578125
vt 0.51171875 0.92578125
vt 0.2265625 0.484375
vt 0.24609375 0.484375
vt 0.24609375 0.4921875
vt 0.2265625 0.4921875
vt 0.390625 0.734375
vt 0.390625 0.71484375
vt 0.41015625 0.71484375
vt 0.41015625 0.734375
vt 0.390625 0.69140625
vt 0.41015625 0.69140625
vt 0.41015625 0.7109375
vt 0.390625 0.7109375
vn 0.3420201433256685 0 -0.9396926207859085
vn 0.9396926207859082 0 0.3420201433256692
vn -0.34202014332566905 0 0.9396926207859083
vn -0.9396926207859085 0 -0.3420201433256687
vn 0 1 0
vn 0 -1 0
usemtl m_27ad3f82-ffa3-70f5-b1df-6a68c1a1a96f
f 17/49/13 18/50/13 19/51/13 20/52/13
f 21/53/14 17/54/14 20/55/14 22/56/14
f 23/57/15 21/58/15 22/59/15 24/60/15
f 18/61/16 23/62/16 24/63/16 19/64/16
f 24/65/17 22/66/17 20/67/17 19/68/17
f 18/69/18 17/70/18 21/71/18 23/72/18
o cube
v 0.4648923399929421 -0.6375208564053345 -1.6465231935550628
v -1.5319544791771138 -0.6375208564053347 -0.9197303889880192
v -1.3192656353000811 0.8637833839255065 -0.3353725930659597
v 0.6775811838699748 0.8637833839255067 -1.0621653976330032
v 1.254855865305845 -1.5942294373180583 0.5238837544349155
v 1.4675447091828777 -0.09292519698721724 1.1082415503569751
v -0.7419909538642109 -1.5942294373180586 1.2506765590019593
v -0.5293021099871784 -0.09292519698721746 1.8350343549240185
vt 0.390625 0.73828125
vt 0.5234375 0.73828125
vt 0.5234375 0.83984375
vt 0.390625 0.83984375
vt 0.25390625 0.578125
vt 0.41015625 0.578125
vt 0.41015625 0.6796875
vt 0.25390625 0.6796875
vt 0.4140625 0.6328125
vt 0.546875 0.6328125
vt 0.546875 0.734375
vt 0.4140625 0.734375
vt 0.390625 1
vt 0.390625 0.84375
vt 0.4921875 0.84375
vt 0.4921875 1
vt 0.25390625 0.84375
vt 0.38671875 0.84375
vt 0.38671875 1
vt 0.25390625 1
vt 0.38671875 0.83984375
vt 0.25390625 0.83984375
vt 0.25390625 0.68359375
vt 0.38671875 0.68359375
vn -0.3159854101251612 0.3826834323650896 -0.8681627791959914
vn 0.9396926207859089 1.6397140056002313e-16 -0.34202014332566755
vn 0.3159854101251612 -0.38268343236508967 0.8681627791959913
vn -0.939692620785909 -1.0931426704001544e-16 0.3420201433256676
vn 0.13088544238586625 0.9238795325112868 0.3596047974904982
vn -0.13088544238586627 -0.9238795325112867 -0.3596047974904981
usemtl m_27ad3f82-ffa3-70f5-b1df-6a68c1a1a96f
f 25/73/19 26/74/19 27/75/19 28/76/19
f 29/77/20 25/78/20 28/79/20 30/80/20
f 31/81/21 29/82/21 30/83/21 32/84/21
f 26/85/22 31/86/22 32/87/22 27/88/22
f 32/89/23 30/90/23 28/91/23 27/92/23
f 26/93/24 25/94/24 29/95/24 31/96/24
o cube
v 1.1427622679475484 -0.0625 -1.5408292036511646
v 0.5653375601279944 -0.0625 -1.3016520584229836
v 0.5653375601279944 0.4375 -1.3016520584229836
v 1.1427622679475484 0.4375 -1.5408292036511646
v 1.4297748422213659 -0.0625 -0.8479195542676995
v 1.4297748422213659 0.4375 -0.8479195542676995
v 0.8523501344018116 -0.0625 -0.6087424090395184
v 0.8523501344018116 0.4375 -0.6087424090395184
vt 0.4375 0.484375
vt 0.4765625 0.484375
vt 0.4765625 0.515625
vt 0.4375 0.515625
vt 0.38671875 0.484375
vt 0.43359375 0.484375
vt 0.43359375 0.515625
vt 0.38671875 0.515625
vt 0.3203125 0.48046875
vt 0.359375 0.48046875
vt 0.359375 0.51171875
vt 0.3203125 0.51171875
vt 0.48046875 0.48828125
vt 0.52734375 0.48828125
vt 0.52734375 0.51953125
vt 0.48046875 0.51953125
vt 0.3671875 0.52734375
vt 0.40625 0.52734375
vt 0.40625 0.57421875
vt 0.3671875 0.57421875
vt 0.48046875 0.58203125
vt 0.48046875 0.54296875
vt 0.52734375 0.54296875
vt 0.52734375 0.58203125
vn -0.3826834323650897 0 -0.9238795325112867
vn 0.9238795325112868 0 -0.38268343236508995
vn 0.3826834323650898 0 0.9238795325112867
vn -0.9238795325112868 0 0.38268343236508956
vn 0 1 0
vn 0 -1 0
usemtl m_27ad3f82-ffa3-70f5-b1df-6a68c1a1a96f
f 33/97/25 34/98/25 35/99/25 36/100/25
f 37/101/26 33/102/26 36/103/26 38/104/26
f 39/105/27 37/106/27 38/107/27 40/108/27
f 34/109/28 39/110/28 40/111/28 35/112/28
f 40/113/29 38/114/29 36/115/29 35/116/29
f 34/117/30 33/118/30 37/119/30 39/120/30
o cube
v 0.8178907031971265 0.40934680799196255 0.05428293849365251
v -0.12180191758878178 0.40934680799196255 0.39630308181932117
v -0.0890805569923151 0.6403166911197844 0.4862042811919457
v 0.8506120637935934 0.6403166911197844 0.14418413786627704
v 1.3708651709161603 -0.2603491986469444 1.5735678020866368
v 1.403586531512627 -0.02937931551912265 1.6634690014592612
v 0.4311725501302519 -0.2603491986469444 1.9155879454123053
v 0.4638939107267186 -0.02937931551912265 2.0054891447849297
vt 0.49609375 0.96484375
vt 0.55859375 0.96484375
vt 0.55859375 0.98046875
vt 0.49609375 0.98046875
vt 0.48046875 0.5234375
vt 0.58984375 0.5234375
vt 0.58984375 0.5390625
vt 0.48046875 0.5390625
vt 0.49609375 0.984375
vt 0.55859375 0.984375
vt 0.55859375 1
vt 0.49609375 1
vt 0.3671875 0.5234375
vt 0.3671875 0.4140625
vt 0.3828125 0.4140625
vt 0.3828125 0.5234375
vt 0.25390625 0.46484375
vt 0.31640625 0.46484375
vt 0.31640625 0.57421875
vt 0.25390625 0.57421875
vt 0.4765625 0.62890625
vt 0.4140625 0.62890625
vt 0.4140625 0.51953125
vt 0.4765625 0.51953125
vn -0.3159854101251621 0.38268343236508945 -0.8681627791959912
vn 0.9396926207859085 -5.075305255429284e-16 -0.34202014332566893
vn 0.3159854101251619 -0.3826834323650894 0.8681627791959912
vn -0.9396926207859085 0 0.34202014332566877
vn 0.13088544238586675 0.9238795325112867 0.3596047974904982
vn -0.1308854423858668 -0.9238795325112868 -0.359604797490498
usemtl m_27ad3f82-ffa3-70f5-b1df-6a68c1a1a96f
f 41/121/31 42/122/31 43/123/31 44/124/31
f 45/125/32 41/126/32 44/127/32 46/128/32
f 47/129/33 45/130/33 46/131/33 48/132/33
f 42/133/34 47/134/34 48/135/34 43/136/34
f 48/137/35 46/138/35 44/139/35 43/140/35
f 42/141/36 41/142/36 45/143/36 47/144/36
o cube
v -0.15712208003028544 -0.15625000000000022 -1.8935915670624954
v -0.3333144464276433 -0.15625000000000022 -1.8294627901889324
v -0.3546907053854976 -0.047996824526945425 -1.888193578988052
v -0.17849833898813972 -0.047996824526945425 -1.9523223558616145
v 0.23163796917262047 0.4999999999999998 -0.8254821102914423
v 0.21026171021476614 0.6082531754730547 -0.8842128990905616
v 0.05544560277526256 0.4999999999999998 -0.7613533334178795
v 0.03406934381740834 0.6082531754730547 -0.8200841222169987
vt 0.51171875 0.89453125
vt 0.5234375 0.89453125
vt 0.5234375 0.90234375
vt 0.51171875 0.90234375
vt 0.203125 0.4921875
vt 0.203125 0.41015625
vt 0.2109375 0.41015625
vt 0.2109375 0.4921875
vt 0.51171875 0.90625
vt 0.5234375 0.90625
vt 0.5234375 0.9140625
vt 0.51171875 0.9140625
vt 0.49609375 0.84765625
vt 0.578125 0.84765625
vt 0.578125 0.85546875
vt 0.49609375 0.85546875
vt 0.5078125 0.9609375
vt 0.49609375 0.9609375
vt 0.49609375 0.87890625
vt 0.5078125 0.87890625
vt 0 0.41015625
vt 0.01171875 0.41015625
vt 0.01171875 0.4921875
vt 0 0.4921875
vn -0.2961981327260239 -0.5000000000000016 -0.8137976813493728
vn 0.9396926207859085 3.38353683695286e-16 -0.3420201433256685
vn 0.2961981327260233 0.5 0.8137976813493739
vn -0.9396926207859086 6.767073673905716e-16 0.34202014332566816
vn -0.17101007166283444 0.8660254037844386 -0.46984631039295427
vn 0.1710100716628346 -0.8660254037844387 0.46984631039295416
usemtl m_27ad3f82-ffa3-70f5-b1df-6a68c1a1a96f
f 49/145/37 50/146/37 51/147/37 52/148/37
f 53/149/38 49/150/38 52/151/38 54/152/38
f 55/153/39 53/154/39 54/155/39 56/156/39
f 50/157/40 55/158/40 56/159/40 51/160/40
f 56/161/41 54/162/41 52/163/41 51/164/41
f 50/165/42 49/166/42 53/167/42 55/168/42
o cube
v -1.0380839120170746 -0.13600709579700332 -1.5103039489601602
v -1.2142762784144325 -0.1276366107399679 -1.4467238026626785
v -1.2356525373722866 -0.027975462417839436 -1.519082016212223
v -1.059460170974929 -0.03634594747487491 -1.5826621625097046
v -0.6493238628141688 0.6540448547461131 -0.5369901303041364
v -0.670700121772023 0.7537060030682416 -0.6093483438536806
v -0.8255162292115266 0.6624153398031485 -0.4734099840066549
v -0.8468924881693809 0.7620764881252771 -0.5457681975561992
vt 0.48046875 0.4765625
vt 0.4921875 0.4765625
vt 0.4921875 0.484375
vt 0.48046875 0.484375
vt 0.21484375 0.4921875
vt 0.21484375 0.41015625
vt 0.22265625 0.41015625
vt 0.22265625 0.4921875
vt 0.51171875 0.8828125
vt 0.5234375 0.8828125
vt 0.5234375 0.890625
vt 0.51171875 0.890625
vt 0.51171875 0.953125
vt 0.59375 0.953125
vt 0.59375 0.9609375
vt 0.51171875 0.9609375
vt 0.02734375 0.4921875
vt 0.015625 0.4921875
vt 0.015625 0.41015625
vt 0.02734375 0.41015625
vt 0.03125 0.41015625
vt 0.04296875 0.41015625
vt 0.04296875 0.4921875
vt 0.03125 0.4921875
vn -0.2961981327260242 -0.6019443432709457 -0.7415724332617323
vn 0.9396926207859085 -0.044642586970855457 -0.33909411358656816
vn 0.2961981327260235 0.6019443432709457 0.7415724332617326
vn -0.9396926207859084 0.044642586970855824 0.3390941135865684
vn -0.17101007166283433 0.7972891865770283 -0.5788657083963543
vn 0.17101007166283458 -0.7972891865770283 0.5788657083963543
usemtl m_27ad3f82-ffa3-70f5-b1df-6a68c1a1a96f
f 57/169/43 58/170/43 59/171/43 60/172/43
f 61/173/44 57/174/44 60/175/44 62/176/44
f 63/177/45 61/178/45 62/179/45 64/180/45
f 58/181/46 63/182/46 64/183/46 59/184/46
f 64/185/47 62/186/47 60/187/47 59/188/47
f 58/189/48 57/190/48 61/191/48 63/192/48
o cube
v 2 0 2
v 2 0 -2
v 2 0 2
v 2 0 -2
v -2 0 -2
v -2 0 2
v -2 0 -2
v -2 0 2
vt 0 1
vt 0.25 1
vt 0.25 1
vt 0 1
vt 0 1
vt 0.25 1
vt 0.25 1
vt 0 1
vt 0 1
vt 0.25 1
vt 0.25 1
vt 0 1
vt 0 1
vt 0.25 1
vt 0.25 1
vt 0 1
vt 0 0.75
vt 0.25 0.75
vt 0.25 0.5
vt 0 0.5
vt 0 1
vt 0.25 1
vt 0.25 0.75
vt 0 0.75
vn 0 0 -1
vn 1 0 0
vn 0 0 1
vn -1 0 0
vn 0 1 0
vn 0 -1 0
usemtl m_dd136b5d-a20d-e50d-8f07-acc26e8cd663
f 68/196/49 71/195/49 69/194/49 66/193/49
f 67/200/50 68/199/50 66/198/50 65/197/50
f 72/204/51 67/203/51 65/202/51 70/201/51
f 71/208/52 72/207/52 70/206/52 69/205/52
f 70/212/53 65/211/53 66/210/53 69/209/53
f 71/216/54 68/215/54 67/214/54 72/213/54